******************************浮点输入的LSH测试*******************************

table_num key_size  scale   精度    查询用时ms    索引用时ms    索引内存MB    
10        18        2.00    0.196   20            175           0.64          
10        18        3.00    0.286   20            139           0.59          
10        18        4.00    0.347   27            166           0.59          
10        18        5.00    0.395   18            141           0.59          
10        18        6.00    0.434   29            121           0.59          
10        18        7.00    0.481   19            119           0.59          
10        18        8.00    0.518   19            116           0.59          
10        18        10.00   0.633   23            123           0.64          
10        18        20.00   0.720   34            119           0.64          
10        20        2.00    0.262   9             117           0.65          
10        20        3.00    0.341   19            118           0.65          
10        20        4.00    0.398   21            133           0.65          
10        20        5.00    0.454   14            119           0.65          
10        20        6.00    0.500   21            116           0.65          
10        20        7.00    0.539   18            116           0.66          
10        20        8.00    0.570   28            115           0.66          
10        20        10.00   0.621   22            115           0.66          
10        20        20.00   0.675   28            115           0.66          
10        25        2.00    0.286   11            144           0.74          
10        25        3.00    0.360   17            145           0.74          
10        25        4.00    0.373   14            159           0.75          
10        25        5.00    0.422   20            145           0.75          
10        25        6.00    0.465   19            144           0.75          
10        25        7.00    0.492   24            145           0.75          
10        25        8.00    0.512   20            144           0.75          
10        25        10.00   0.531   20            146           0.75          
10        25        20.00   0.613   24            144           0.74          
10        30        2.00    0.261   15            174           0.90          
10        30        3.00    0.295   12            172           0.90          
10        30        4.00    0.313   13            172           0.90          
10        30        5.00    0.326   14            172           0.90          
10        30        6.00    0.371   13            172           0.90          
10        30        7.00    0.377   19            174           0.90          
10        30        8.00    0.382   14            173           0.90          
10        30        10.00   0.393   15            172           0.90          
10        30        20.00   0.361   15            173           0.91          
10        40        2.00    0.090   10            229           1.07          
10        40        3.00    0.088   10            228           1.07          
10        40        4.00    0.090   19            228           1.07          
10        40        5.00    0.075   10            235           1.08          
10        40        6.00    0.076   10            227           1.08          
10        40        7.00    0.075   14            226           1.08          
10        40        8.00    0.076   10            238           1.08          
10        40        10.00   0.111   11            231           1.06          
10        40        20.00   0.113   11            229           1.06          
10        50        2.00    0.024   11            281           1.12          
10        50        3.00    0.046   10            282           1.11          
10        50        4.00    0.047   11            283           1.11          
10        50        5.00    0.047   11            282           1.11          
10        50        6.00    0.046   10            291           1.11          
10        50        7.00    0.020   10            283           1.12          
10        50        8.00    0.021   10            288           1.12          
10        50        10.00   0.020   12            287           1.12          
10        50        20.00   0.036   11            281           1.12          
10        60        2.00    0.010   11            363           1.13          
10        60        3.00    0.015   16            335           1.13          
10        60        4.00    0.015   11            333           1.13          
10        60        5.00    0.015   12            334           1.13          
10        60        6.00    0.012   11            359           1.13          
10        60        7.00    0.012   11            331           1.13          
10        60        8.00    0.012   11            346           1.13          
10        60        10.00   0.011   11            331           1.13          
10        60        20.00   0.013   11            361           1.13          
30        18        2.00    0.205   9             290           1.86          
30        18        3.00    0.280   10            294           1.86          
30        18        4.00    0.358   12            293           1.86          
30        18        5.00    0.464   14            305           1.97          
30        18        6.00    0.521   16            297           1.97          
30        18        7.00    0.567   19            304           1.97          
30        18        8.00    0.668   23            294           1.95          
30        18        10.00   0.738   29            298           1.95          
30        18        20.00   0.909   53            298           1.95          
30        20        2.00    0.236   9             301           1.92          
30        20        3.00    0.327   11            298           1.92          
30        20        4.00    0.388   12            302           1.94          
30        20        5.00    0.449   14            304           1.94          
30        20        6.00    0.509   17            303           1.94          
30        20        7.00    0.570   27            312           1.93          
30        20        8.00    0.607   25            296           1.93          
30        20        10.00   0.681   26            298           1.93          
30        20        20.00   0.893   61            330           1.94          
30        25        2.00    0.278   16            349           2.04          
30        25        3.00    0.358   13            347           2.06          
30        25        4.00    0.416   15            349           2.06          
30        25        5.00    0.472   17            370           2.06          
30        25        6.00    0.569   27            346           2.02          
30        25        7.00    0.611   21            346           2.02          
30        25        8.00    0.663   25            350           2.04          
30        25        10.00   0.728   30            352           2.04          
30        25        20.00   0.906   58            355           2.04          
30        30        2.00    0.304   12            418           2.18          
30        30        3.00    0.386   15            430           2.18          
30        30        4.00    0.477   16            420           2.17          
30        30        5.00    0.536   19            420           2.17          
30        30        6.00    0.603   22            418           2.15          
30        30        7.00    0.638   24            421           2.15          
30        30        8.00    0.633   25            420           2.18          
30        30        10.00   0.698   29            426           2.18          
30        30        20.00   0.879   52            419           2.17          
30        40        2.00    0.346   17            553           2.60          
30        40        3.00    0.431   20            547           2.63          
30        40        4.00    0.511   22            574           2.64          
30        40        5.00    0.565   25            563           2.64          
30        40        6.00    0.583   26            560           2.61          
30        40        7.00    0.622   29            557           2.61          
30        40        8.00    0.662   30            554           2.62          
30        40        10.00   0.709   38            575           2.64          
30        40        20.00   0.787   44            558           2.64          
30        50        2.00    0.314   22            712           3.03          
30        50        3.00    0.357   25            702           3.08          
30        50        4.00    0.355   26            698           3.09          
30        50        5.00    0.443   32            699           3.04          
30        50        6.00    0.456   29            715           3.04          
30        50        7.00    0.356   27            699           3.10          
30        50        8.00    0.389   28            734           3.10          
30        50        10.00   0.397   28            695           3.08          
30        50        20.00   0.399   27            698           3.09          
30        60        2.00    0.116   25            841           3.33          
30        60        3.00    0.141   25            839           3.31          
30        60        4.00    0.106   25            853           3.33          
30        60        5.00    0.126   24            875           3.31          
30        60        6.00    0.134   25            850           3.31          
30        60        7.00    0.141   25            868           3.31          
30        60        8.00    0.130   25            844           3.30          
30        60        10.00   0.128   24            864           3.31          
30        60        20.00   0.111   24            845           3.32          
50        18        2.00    0.283   9             501           3.18          
50        18        3.00    0.304   11            489           3.23          
50        18        4.00    0.382   13            482           3.23          
50        18        5.00    0.470   15            479           3.17          
50        18        6.00    0.523   16            485           3.17          
50        18        7.00    0.595   20            487           3.26          
50        18        8.00    0.635   26            503           3.25          
50        18        10.00   0.708   28            482           3.25          
50        18        20.00   0.917   60            480           3.23          
50        20        2.00    0.264   9             492           3.25          
50        20        3.00    0.363   11            485           3.22          
50        20        4.00    0.435   14            481           3.22          
50        20        5.00    0.476   15            522           3.25          
50        20        6.00    0.478   22            492           3.20          
50        20        7.00    0.538   20            480           3.20          
50        20        8.00    0.608   22            508           3.23          
50        20        10.00   0.685   27            496           3.23          
50        20        20.00   0.876   53            501           3.27          
50        25        2.00    0.271   9             554           3.36          
50        25        3.00    0.406   13            537           3.30          
50        25        4.00    0.424   20            531           3.28          
50        25        5.00    0.491   21            546           3.28          
50        25        6.00    0.583   21            536           3.36          
50        25        7.00    0.610   26            538           3.28          
50        25        8.00    0.645   26            539           3.28          
50        25        10.00   0.718   28            532           3.35          
50        25        20.00   0.921   61            539           3.35          
50        30        2.00    0.326   13            614           3.43          
50        30        3.00    0.403   15            624           3.53          
50        30        4.00    0.471   17            618           3.51          
50        30        5.00    0.538   19            619           3.51          
50        30        6.00    0.586   21            616           3.49          
50        30        7.00    0.654   25            623           3.48          
50        30        8.00    0.690   28            619           3.48          
50        30        10.00   0.738   30            636           3.42          
50        30        20.00   0.915   62            625           3.49          
50        40        2.00    0.343   17            824           3.95          
50        40        3.00    0.420   19            839           3.95          
50        40        4.00    0.476   22            828           3.89          
50        40        5.00    0.548   24            822           3.87          
50        40        6.00    0.612   29            820           3.93          
50        40        7.00    0.658   30            831           3.81          
50        40        8.00    0.681   34            831           3.96          
50        40        10.00   0.761   38            818           3.92          
50        40        20.00   0.921   66            853           3.93          
50        50        2.00    0.361   23            1052          4.33          
50        50        3.00    0.455   26            1034          4.35          
50        50        4.00    0.494   29            1039          4.38          
50        50        5.00    0.550   31            1049          4.39          
50        50        6.00    0.618   35            1034          4.40          
50        50        7.00    0.626   37            1036          4.39          
50        50        8.00    0.690   37            1036          4.29          
50        50        10.00   0.736   45            1042          4.39          
50        50        20.00   0.893   78            1040          4.40          
50        60        2.00    0.365   32            1269          4.80          
50        60        3.00    0.436   33            1257          4.83          
50        60        4.00    0.487   35            1285          4.84          
50        60        5.00    0.530   38            1271          4.83          
50        60        6.00    0.598   43            1263          4.84          
50        60        7.00    0.631   44            1258          4.88          
50        60        8.00    0.649   45            1266          4.88          
50        60        10.00   0.723   49            1276          4.87          
50        60        20.00   0.783   67            1262          4.84          
80        18        2.00    0.231   9             739           5.11          
80        18        3.00    0.314   10            750           5.11          
80        18        4.00    0.410   19            743           5.15          
80        18        5.00    0.423   15            766           5.18          
80        18        6.00    0.493   18            741           5.06          
80        18        7.00    0.570   31            744           5.12          
80        18        8.00    0.560   21            743           5.07          
80        18        10.00   0.655   26            761           5.21          
80        18        20.00   0.917   57            754           5.21          
80        20        2.00    0.245   11            770           5.08          
80        20        3.00    0.324   11            739           5.08          
80        20        4.00    0.422   13            758           5.14          
80        20        5.00    0.506   16            748           5.11          
80        20        6.00    0.545   18            758           5.10          
80        20        7.00    0.568   21            744           5.19          
80        20        8.00    0.592   20            749           5.17          
80        20        10.00   0.673   25            747           5.17          
80        20        20.00   0.918   59            757           5.15          
80        25        2.00    0.297   10            799           5.16          
80        25        3.00    0.379   14            788           5.27          
80        25        4.00    0.449   23            788           5.34          
80        25        5.00    0.510   16            819           5.22          
80        25        6.00    0.553   18            787           5.20          
80        25        7.00    0.618   26            800           5.30          
80        25        8.00    0.667   30            786           5.28          
80        25        10.00   0.713   32            800           5.26          
80        25        20.00   0.912   66            799           5.26          
80        30        2.00    0.315   12            883           5.39          
80        30        3.00    0.400   14            882           5.40          
80        30        4.00    0.463   16            894           5.33          
80        30        5.00    0.498   19            879           5.44          
80        30        6.00    0.618   21            891           5.41          
80        30        7.00    0.615   22            890           5.35          
80        30        8.00    0.646   25            877           5.45          
80        30        10.00   0.757   32            896           5.44          
80        30        20.00   0.921   62            897           5.35          
80        40        2.00    0.337   17            1153          5.82          
80        40        3.00    0.439   20            1141          5.80          
80        40        4.00    0.526   23            1155          5.89          
80        40        5.00    0.567   25            1131          5.81          
80        40        6.00    0.607   29            1148          5.86          
80        40        7.00    0.658   31            1169          5.89          
80        40        8.00    0.679   32            1136          5.74          
80        40        10.00   0.760   38            1151          5.79          
80        40        20.00   0.926   73            1143          5.79          
80        50        2.00    0.343   23            1452          6.27          
80        50        3.00    0.432   26            1440          6.29          
80        50        4.00    0.531   29            1458          6.25          
80        50        5.00    0.570   32            1455          6.29          
80        50        6.00    0.611   34            1444          6.29          
80        50        7.00    0.645   44            1472          6.28          
80        50        8.00    0.682   39            1456          6.22          
80        50        10.00   0.746   47            1465          6.32          
80        50        20.00   0.929   76            1443          6.28          
80        60        2.00    0.354   31            1801          6.80          
80        60        3.00    0.445   34            1805          6.75          
80        60        4.00    0.497   36            1808          6.80          
80        60        5.00    0.583   41            1798          6.74          
80        60        6.00    0.598   41            1795          6.80          
80        60        7.00    0.638   43            1796          6.70          
80        60        8.00    0.700   47            1776          6.67          
80        60        10.00   0.750   52            1797          6.77          
80        60        20.00   0.921   83            1793          6.75          
100       18        2.00    0.208   8             944           6.39          
100       18        3.00    0.275   10            920           6.43          
100       18        4.00    0.422   14            941           6.55          
100       18        5.00    0.412   15            929           6.51          
100       18        6.00    0.528   18            931           6.44          
100       18        7.00    0.634   21            927           6.43          
100       18        8.00    0.647   22            942           6.47          
100       18        10.00   0.641   24            925           6.34          
100       18        20.00   0.906   54            926           6.30          
100       20        2.00    0.241   9             946           6.39          
100       20        3.00    0.332   15            924           6.38          
100       20        4.00    0.408   13            945           6.43          
100       20        5.00    0.494   15            940           6.42          
100       20        6.00    0.510   17            920           6.38          
100       20        7.00    0.601   19            959           6.41          
100       20        8.00    0.641   22            941           6.49          
100       20        10.00   0.650   25            922           6.38          
100       20        20.00   0.932   60            941           6.47          
100       25        2.00    0.285   14            979           6.50          
100       25        3.00    0.353   12            1005          6.60          
100       25        4.00    0.420   14            992           6.55          
100       25        5.00    0.497   17            967           6.46          
100       25        6.00    0.555   18            991           6.47          
100       25        7.00    0.608   22            982           6.58          
100       25        8.00    0.605   23            980           6.53          
100       25        10.00   0.720   36            977           6.62          
100       25        20.00   0.936   64            1008          6.49          
100       30        2.00    0.319   12            1063          6.69          
100       30        3.00    0.403   15            1074          6.68          
100       30        4.00    0.473   17            1071          6.69          
100       30        5.00    0.553   20            1061          6.72          
100       30        6.00    0.575   21            1081          6.71          
100       30        7.00    0.606   29            1064          6.63          
100       30        8.00    0.665   28            1069          6.73          
100       30        10.00   0.754   32            1076          6.65          
100       30        20.00   0.937   66            1070          6.68          
100       40        2.00    0.346   18            1336          7.17          
100       40        3.00    0.427   19            1333          7.04          
100       40        4.00    0.490   22            1331          7.06          
100       40        5.00    0.548   25            1340          7.16          
100       40        6.00    0.613   28            1342          7.11          
100       40        7.00    0.633   28            1341          7.06          
100       40        8.00    0.687   31            1331          7.05          
100       40        10.00   0.769   40            1335          7.11          
100       40        20.00   0.929   71            1331          7.05          
100       50        2.00    0.350   25            1712          7.55          
100       50        3.00    0.444   27            1689          7.68          
100       50        4.00    0.532   30            1733          7.67          
100       50        5.00    0.551   31            1784          7.54          
100       50        6.00    0.594   34            1729          7.48          
100       50        7.00    0.667   38            1723          7.66          
100       50        8.00    0.670   40            1714          7.59          
100       50        10.00   0.746   44            1698          7.49          
100       50        20.00   0.930   81            1720          7.59          
100       60        2.00    0.360   31            2110          8.08          
100       60        3.00    0.452   35            2103          8.05          
100       60        4.00    0.507   40            2093          8.08          
100       60        5.00    0.551   39            2103          8.01          
100       60        6.00    0.601   42            2116          8.02          
100       60        7.00    0.631   44            2113          8.04          
100       60        8.00    0.680   47            2108          8.09          
100       60        10.00   0.762   55            2098          8.05          
100       60        20.00   0.937   85            2099          8.04          
150       18        2.00    0.237   9             1441          9.70          
150       18        3.00    0.308   14            1439          9.66          
150       18        4.00    0.387   14            1404          9.77          
150       18        5.00    0.432   17            1410          9.56          
150       18        6.00    0.493   17            1416          9.68          
150       18        7.00    0.591   21            1420          9.60          
150       18        8.00    0.604   28            1416          9.56          
150       18        10.00   0.715   27            1407          9.53          
150       18        20.00   0.905   57            1404          9.43          
150       20        2.00    0.254   12            1445          9.59          
150       20        3.00    0.351   12            1430          9.72          
150       20        4.00    0.404   17            1399          9.61          
150       20        5.00    0.443   21            1417          9.67          
150       20        6.00    0.553   18            1431          9.63          
150       20        7.00    0.569   24            1422          9.60          
150       20        8.00    0.587   22            1419          9.77          
150       20        10.00   0.653   26            1418          9.67          
150       20        20.00   0.924   61            1417          9.55          
150       25        2.00    0.284   11            1488          9.63          
150       25        3.00    0.370   14            1465          9.69          
150       25        4.00    0.410   15            1487          9.71          
150       25        5.00    0.496   20            1457          9.62          
150       25        6.00    0.561   20            1498          9.78          
150       25        7.00    0.622   21            1501          9.60          
150       25        8.00    0.628   23            1478          9.67          
150       25        10.00   0.758   30            1493          9.84          
150       25        20.00   0.928   65            1465          9.71          
150       30        2.00    0.308   12            1544          9.82          
150       30        3.00    0.410   15            1578          9.81          
150       30        4.00    0.489   17            1553          9.94          
150       30        5.00    0.517   20            1557          9.84          
150       30        6.00    0.568   21            1550          9.87          
150       30        7.00    0.658   25            1549          9.91          
150       30        8.00    0.654   27            1569          9.82          
150       30        10.00   0.727   29            1564          9.83          
150       30        20.00   0.938   68            1544          9.91          
150       40        2.00    0.327   17            1817          10.30         
150       40        3.00    0.418   19            1808          10.26         
150       40        4.00    0.506   22            1844          10.32         
150       40        5.00    0.529   23            1814          10.18         
150       40        6.00    0.596   27            1830          10.31         
150       40        7.00    0.646   30            1830          10.39         
150       40        8.00    0.687   33            1829          10.42         
150       40        10.00   0.736   37            1807          10.28         
150       40        20.00   0.924   71            1814          10.35         
150       50        2.00    0.343   24            2229          10.82         
150       50        3.00    0.430   26            2207          10.78         
150       50        4.00    0.500   28            2205          10.63         
150       50        5.00    0.554   31            2219          10.84         
150       50        6.00    0.618   39            2205          10.90         
150       50        7.00    0.638   38            2234          10.79         
150       50        8.00    0.686   40            2218          10.77         
150       50        10.00   0.763   45            2210          10.81         
150       50        20.00   0.936   78            2238          10.83         
150       60        2.00    0.340   30            2741          11.28         
150       60        3.00    0.447   34            2738          11.24         
150       60        4.00    0.530   38            2769          11.40         
150       60        5.00    0.551   38            2752          11.23         
150       60        6.00    0.559   42            2738          11.27         
150       60        7.00    0.630   43            2736          11.31         
150       60        8.00    0.704   48            2744          11.27         
150       60        10.00   0.767   53            2745          11.25         
150       60        20.00   0.918   82            2763          11.27         
200       18        2.00    0.221   10            1874          12.73         
200       18        3.00    0.331   11            1875          12.76         
200       18        4.00    0.396   13            1860          12.83         
200       18        5.00    0.472   16            1872          12.96         
200       18        6.00    0.491   21            1918          12.82         
200       18        7.00    0.563   19            1866          12.80         
200       18        8.00    0.619   25            1898          12.91         
200       18        10.00   0.605   25            1932          12.82         
200       18        20.00   0.915   65            1926          12.77         
200       20        2.00    0.231   10            1991          12.65         
200       20        3.00    0.339   15            1926          12.79         
200       20        4.00    0.424   49            2082          12.92         
200       20        5.00    0.449   15            1901          12.71         
200       20        6.00    0.507   18            2248          12.86         
200       20        7.00    0.586   21            2093          12.81         
200       20        8.00    0.613   40            1906          12.95         
200       20        10.00   0.710   28            1983          12.83         
200       20        20.00   0.918   80            2005          12.81         
200       25        2.00    0.271   10            2000          12.88         
200       25        3.00    0.347   13            2032          12.90         
200       25        4.00    0.486   22            1977          13.08         
200       25        5.00    0.524   18            2027          12.93         
200       25        6.00    0.564   23            1980          12.88         
200       25        7.00    0.610   21            1980          12.82         
200       25        8.00    0.630   30            2037          12.77         
200       25        10.00   0.719   30            1996          13.01         
200       25        20.00   0.907   66            1959          12.94         
200       30        2.00    0.340   13            1988          13.10         
200       30        3.00    0.395   20            2049          13.02         
200       30        4.00    0.488   17            2057          13.11         
200       30        5.00    0.528   27            2013          13.08         
200       30        6.00    0.598   24            2054          13.01         
200       30        7.00    0.625   27            2154          13.04         
200       30        8.00    0.656   28            2091          13.23         
200       30        10.00   0.768   33            2214          13.16         
200       30        20.00   0.934   65            2054          13.04         
200       40        2.00    0.358   22            2347          13.53         
200       40        3.00    0.407   19            2304          13.48         
200       40        4.00    0.506   27            2340          13.46         
200       40        5.00    0.557   28            2337          13.42         
200       40        6.00    0.595   39            2376          13.55         
200       40        7.00    0.650   35            2330          13.60         
200       40        8.00    0.709   33            2300          13.51         
200       40        10.00   0.721   35            2277          13.33         
200       40        20.00   0.924   97            2410          13.43         
200       50        2.00    0.339   28            2752          13.98         
200       50        3.00    0.445   27            2840          13.95         
200       50        4.00    0.512   47            2885          13.88         
200       50        5.00    0.549   35            2868          14.00         
200       50        6.00    0.594   49            2973          14.09         
200       50        7.00    0.629   66            3421          14.05         
200       50        8.00    0.682   39            3035          13.95         
200       50        10.00   0.766   50            2931          14.00         
200       50        20.00   0.929   77            2758          13.98         
200       60        2.00    0.358   33            3248          14.39         
200       60        3.00    0.418   39            3252          14.50         
200       60        4.00    0.504   44            3311          14.41         
200       60        5.00    0.535   69            3380          14.40         
200       60        6.00    0.616   47            3378          14.48         
200       60        7.00    0.650   45            3295          14.47         
200       60        8.00    0.701   51            3343          14.50         
200       60        10.00   0.774   54            3260          14.55         
200       60        20.00   0.925   92            3230          14.49         

******************************整数输入的LSH测试*******************************

table_num key_size  scale   精度    查询用时ms    索引用时ms    索引内存MB    
20        18        10.00   0.040   20            183           5.67          
20        18        30.00   0.043   30            181           5.67          
20        18        50.00   0.043   23            198           5.67          
20        18        100.00  0.043   44            202           5.67          
20        18        200.00  0.041   21            231           5.83          
20        18        300.00  0.041   21            193           5.83          
20        20        10.00   0.034   18            205           5.89          
20        20        30.00   0.032   25            201           6.04          
20        20        50.00   0.032   19            212           6.04          
20        20        100.00  0.032   18            191           6.04          
20        20        200.00  0.043   24            197           5.80          
20        20        300.00  0.043   24            186           5.80          
20        22        10.00   0.039   24            193           5.99          
20        22        30.00   0.032   17            215           6.26          
20        22        50.00   0.032   22            294           6.26          
20        22        100.00  0.032   17            213           6.26          
20        22        200.00  0.022   11            224           6.45          
20        22        300.00  0.022   13            236           6.45          
20        25        10.00   0.019   11            247           6.96          
20        25        30.00   0.045   27            228           6.11          
20        25        50.00   0.046   41            217           6.11          
20        25        100.00  0.046   27            228           6.11          
20        25        200.00  0.030   18            236           6.51          
20        25        300.00  0.030   21            233           6.51          
20        28        10.00   0.019   11            289           7.09          
20        28        30.00   0.027   15            242           6.82          
20        28        50.00   0.027   17            244           6.82          
20        28        100.00  0.027   15            265           6.82          
20        28        200.00  0.032   22            260           6.86          
20        28        300.00  0.032   16            257           6.86          
20        30        10.00   0.017   10            280           7.87          
20        30        30.00   0.017   9             264           7.87          
20        30        50.00   0.033   22            277           7.74          
20        30        100.00  0.033   21            269           7.74          
20        30        200.00  0.033   22            265           7.74          
20        30        300.00  0.014   9             269           7.63          
20        35        10.00   0.012   8             292           9.15          
20        35        30.00   0.009   7             311           8.90          
20        35        50.00   0.009   7             314           8.90          
20        35        100.00  0.007   7             312           9.06          
20        35        200.00  0.007   9             290           9.06          
20        35        300.00  0.010   9             289           8.71          
20        40        10.00   0.001   4             315           10.07         
20        40        30.00   0.002   4             326           10.22         
20        40        50.00   0.002   8             335           10.22         
20        40        100.00  0.002   4             374           10.04         
20        40        200.00  0.002   4             339           10.04         
20        40        300.00  0.002   4             308           10.06         
20        50        10.00   0.001   6             387           10.80         
20        50        30.00   0.001   4             433           10.80         
20        50        50.00   0.000   6             435           11.01         
20        50        100.00  0.000   3             389           10.92         
20        50        200.00  0.000   3             363           10.92         
20        50        300.00  0.001   7             380           10.95         
20        60        10.00   0.001   4             343           10.83         
20        60        30.00   0.001   4             360           10.83         
20        60        50.00   0.001   3             334           10.50         
20        60        100.00  0.001   5             347           10.50         
20        60        200.00  0.000   3             358           10.78         
20        60        300.00  0.002   6             341           10.39         
50        18        10.00   0.056   35            499           14.39         
50        18        30.00   0.089   47            490           14.98         
50        18        50.00   0.095   53            497           14.75         
50        18        100.00  0.095   52            490           14.75         
50        18        200.00  0.071   38            480           14.90         
50        18        300.00  0.078   46            521           15.12         
50        20        10.00   0.057   27            543           15.19         
50        20        30.00   0.101   67            504           14.80         
50        20        50.00   0.103   62            502           14.51         
50        20        100.00  0.096   54            487           14.33         
50        20        200.00  0.096   54            497           14.33         
50        20        300.00  0.108   61            482           14.52         
50        22        10.00   0.054   31            531           14.90         
50        22        30.00   0.098   57            521           14.90         
50        22        50.00   0.093   46            495           14.92         
50        22        100.00  0.102   52            480           14.80         
50        22        200.00  0.105   58            513           14.64         
50        22        300.00  0.105   60            462           14.64         
50        25        10.00   0.051   26            540           15.19         
50        25        30.00   0.082   42            559           15.60         
50        25        50.00   0.088   45            541           15.30         
50        25        100.00  0.088   47            540           15.30         
50        25        200.00  0.085   53            576           15.28         
50        25        300.00  0.101   59            529           14.69         
50        28        10.00   0.053   34            630           15.84         
50        28        30.00   0.061   44            621           16.07         
50        28        50.00   0.097   57            565           15.45         
50        28        100.00  0.078   71            660           16.08         
50        28        200.00  0.095   60            658           15.79         
50        28        300.00  0.095   75            640           15.79         
50        30        10.00   0.053   27            636           16.14         
50        30        30.00   0.082   74            1059          16.30         
50        30        50.00   0.090   85            722           16.37         
50        30        100.00  0.079   57            702           16.46         
50        30        200.00  0.072   41            753           16.46         
50        30        300.00  0.080   44            638           16.07         
50        35        10.00   0.052   49            741           17.50         
50        35        30.00   0.079   74            795           17.36         
50        35        50.00   0.060   55            705           17.85         
50        35        100.00  0.066   38            705           17.68         
50        35        200.00  0.063   57            743           17.42         
50        35        300.00  0.109   77            846           17.31         
50        40        10.00   0.051   50            736           18.20         
50        40        30.00   0.074   38            719           18.73         
50        40        50.00   0.063   64            759           18.91         
50        40        100.00  0.053   44            771           18.85         
50        40        200.00  0.057   33            853           19.36         
50        40        300.00  0.055   30            748           18.82         
50        50        10.00   0.041   27            892           21.40         
50        50        30.00   0.041   26            750           21.20         
50        50        50.00   0.040   30            853           21.31         
50        50        100.00  0.039   21            740           21.27         
50        50        200.00  0.035   19            787           22.02         
50        50        300.00  0.054   33            758           21.01         
50        60        10.00   0.020   12            820           23.76         
50        60        30.00   0.022   15            800           23.69         
50        60        50.00   0.024   15            816           23.40         
50        60        100.00  0.022   13            819           23.79         
50        60        200.00  0.017   11            858           23.39         
50        60        300.00  0.026   16            886           23.49         
80        18        10.00   0.057   27            763           22.97         
80        18        30.00   0.130   145           752           23.30         
80        18        50.00   0.160   109           765           22.83         
80        18        100.00  0.137   72            743           23.51         
80        18        200.00  0.166   151           811           22.98         
80        18        300.00  0.170   102           733           22.92         
80        20        10.00   0.051   28            762           23.00         
80        20        30.00   0.144   79            756           23.23         
80        20        50.00   0.155   98            813           23.35         
80        20        100.00  0.124   68            770           23.41         
80        20        200.00  0.139   82            765           23.60         
80        20        300.00  0.148   94            828           23.51         
80        22        10.00   0.052   26            759           22.70         
80        22        30.00   0.128   78            772           23.47         
80        22        50.00   0.148   103           799           23.63         
80        22        100.00  0.151   90            815           23.70         
80        22        200.00  0.136   84            750           23.24         
80        22        300.00  0.143   89            785           23.83         
80        25        10.00   0.052   25            779           23.68         
80        25        30.00   0.131   73            789           23.95         
80        25        50.00   0.157   114           818           24.19         
80        25        100.00  0.148   82            805           23.64         
80        25        200.00  0.148   94            866           24.32         
80        25        300.00  0.156   106           793           24.00         
80        28        10.00   0.055   26            847           24.24         
80        28        30.00   0.122   66            851           25.10         
80        28        50.00   0.156   98            833           24.06         
80        28        100.00  0.165   103           831           24.43         
80        28        200.00  0.146   79            860           24.29         
80        28        300.00  0.138   87            994           24.76         
80        30        10.00   0.057   27            857           24.69         
80        30        30.00   0.122   70            863           24.85         
80        30        50.00   0.128   72            843           24.87         
80        30        100.00  0.130   72            841           24.75         
80        30        200.00  0.143   110           852           24.70         
80        30        300.00  0.152   100           870           24.45         
80        35        10.00   0.051   26            955           26.29         
80        35        30.00   0.122   67            936           26.09         
80        35        50.00   0.107   64            1007          26.48         
80        35        100.00  0.133   82            930           26.15         
80        35        200.00  0.152   109           1003          26.23         
80        35        300.00  0.122   83            959           26.58         
80        40        10.00   0.060   36            1032          27.74         
80        40        30.00   0.122   83            1044          27.32         
80        40        50.00   0.123   73            978           27.57         
80        40        100.00  0.112   64            992           27.45         
80        40        200.00  0.121   71            987           27.56         
80        40        300.00  0.113   66            995           27.35         
80        50        10.00   0.052   32            1135          30.47         
80        50        30.00   0.099   55            1073          30.08         
80        50        50.00   0.100   68            1105          30.32         
80        50        100.00  0.100   52            1095          30.43         
80        50        200.00  0.085   48            1127          30.43         
80        50        300.00  0.102   61            1070          29.73         
80        60        10.00   0.054   27            1154          31.82         
80        60        30.00   0.093   56            1153          31.89         
80        60        50.00   0.094   66            1184          31.89         
80        60        100.00  0.080   44            1166          32.48         
80        60        200.00  0.113   78            1183          31.99         
80        60        300.00  0.089   61            1164          32.11         
100       18        10.00   0.057   26            926           29.43         
100       18        30.00   0.150   83            912           28.88         
100       18        50.00   0.176   109           952           28.90         
100       18        100.00  0.168   97            992           29.60         
100       18        200.00  0.195   127           930           28.71         
100       18        300.00  0.198   147           896           28.64         
100       20        10.00   0.052   26            916           28.91         
100       20        30.00   0.138   96            920           28.76         
100       20        50.00   0.174   117           917           29.19         
100       20        100.00  0.158   97            949           29.29         
100       20        200.00  0.208   144           905           28.93         
100       20        300.00  0.207   156           961           28.40         
100       22        10.00   0.051   32            984           29.09         
100       22        30.00   0.141   81            972           29.20         
100       22        50.00   0.162   91            943           29.61         
100       22        100.00  0.205   153           956           29.43         
100       22        200.00  0.198   141           923           28.99         
100       22        300.00  0.171   100           918           29.11         
100       25        10.00   0.055   26            970           30.01         
100       25        30.00   0.146   88            938           29.40         
100       25        50.00   0.205   140           982           29.29         
100       25        100.00  0.177   119           1008          29.76         
100       25        200.00  0.155   94            974           29.75         
100       25        300.00  0.187   121           1141          29.27         
100       28        10.00   0.054   27            1089          30.67         
100       28        30.00   0.151   81            1053          30.18         
100       28        50.00   0.135   81            1118          31.14         
100       28        100.00  0.178   109           1155          30.06         
100       28        200.00  0.187   131           1065          30.38         
100       28        300.00  0.174   117           1022          30.18         
100       30        10.00   0.054   28            1105          30.74         
100       30        30.00   0.145   76            1133          30.73         
100       30        50.00   0.171   96            1062          30.66         
100       30        100.00  0.173   116           1069          31.09         
100       30        200.00  0.162   107           1030          31.00         
100       30        300.00  0.153   92            1035          30.80         
100       35        10.00   0.058   32            1101          31.44         
100       35        30.00   0.141   74            1137          32.23         
100       35        50.00   0.157   92            1096          31.77         
100       35        100.00  0.179   113           1093          31.85         
100       35        200.00  0.159   109           1088          32.13         
100       35        300.00  0.179   135           1105          32.15         
100       40        10.00   0.053   38            1231          33.05         
100       40        30.00   0.132   80            1171          34.02         
100       40        50.00   0.175   110           1199          33.42         
100       40        100.00  0.158   109           1186          33.23         
100       40        200.00  0.144   85            1187          33.73         
100       40        300.00  0.139   79            1195          33.44         
100       50        10.00   0.054   36            1340          36.17         
100       50        30.00   0.134   87            1317          35.69         
100       50        50.00   0.149   89            1328          35.72         
100       50        100.00  0.132   74            1331          35.57         
100       50        200.00  0.125   68            1306          36.03         
100       50        300.00  0.125   72            1351          35.87         
100       60        10.00   0.056   28            1369          38.34         
100       60        30.00   0.108   64            1405          38.20         
100       60        50.00   0.121   99            1373          37.73         
100       60        100.00  0.112   65            1401          38.30         
100       60        200.00  0.096   51            1366          38.63         
100       60        300.00  0.132   81            1370          38.03         
150       18        10.00   0.052   45            1425          43.19         
150       18        30.00   0.154   89            1400          43.09         
150       18        50.00   0.220   142           1419          43.93         
150       18        100.00  0.251   179           1409          43.53         
150       18        200.00  0.265   210           1420          43.56         
150       18        300.00  0.264   222           1460          44.27         
150       20        10.00   0.056   27            1405          43.37         
150       20        30.00   0.159   90            1432          44.28         
150       20        50.00   0.239   165           1398          43.13         
150       20        100.00  0.295   225           1374          42.79         
150       20        200.00  0.281   226           1393          43.12         
150       20        300.00  0.275   214           1410          43.42         
150       22        10.00   0.053   29            1456          43.68         
150       22        30.00   0.152   88            1419          43.40         
150       22        50.00   0.230   154           1461          43.86         
150       22        100.00  0.264   206           1449          43.24         
150       22        200.00  0.272   208           1393          42.79         
150       22        300.00  0.242   162           1492          43.83         
150       25        10.00   0.055   28            1418          44.10         
150       25        30.00   0.162   83            1510          44.19         
150       25        50.00   0.237   145           1443          44.42         
150       25        100.00  0.293   232           1475          43.71         
150       25        200.00  0.294   289           1407          43.17         
150       25        300.00  0.237   167           1495          44.66         
150       28        10.00   0.058   26            1507          44.80         
150       28        30.00   0.159   86            1485          44.71         
150       28        50.00   0.232   171           1505          44.61         
150       28        100.00  0.284   237           1460          44.21         
150       28        200.00  0.262   203           1500          44.72         
150       28        300.00  0.238   174           1502          45.13         
150       30        10.00   0.050   26            1526          45.66         
150       30        30.00   0.153   83            1565          45.15         
150       30        50.00   0.235   150           1499          45.25         
150       30        100.00  0.251   189           1581          44.99         
150       30        200.00  0.217   142           1857          46.11         
150       30        300.00  0.224   155           1523          45.70         
150       35        10.00   0.057   34            1603          46.34         
150       35        30.00   0.147   84            1571          46.41         
150       35        50.00   0.223   146           1612          47.06         
150       35        100.00  0.233   236           1621          47.37         
150       35        200.00  0.252   204           1659          46.83         
150       35        300.00  0.281   233           1506          45.59         
150       40        10.00   0.053   27            1646          47.96         
150       40        30.00   0.148   85            1684          48.35         
150       40        50.00   0.218   143           1674          47.95         
150       40        100.00  0.275   213           1620          47.03         
150       40        200.00  0.248   195           1655          47.91         
150       40        300.00  0.260   184           1696          47.76         
150       50        10.00   0.051   27            1819          50.51         
150       50        30.00   0.156   86            1798          50.72         
150       50        50.00   0.215   153           1819          50.18         
150       50        100.00  0.243   176           1815          50.24         
150       50        200.00  0.196   119           1825          51.22         
150       50        300.00  0.211   140           1780          49.77         
150       60        10.00   0.060   28            1931          52.74         
150       60        30.00   0.151   99            1974          53.21         
150       60        50.00   0.196   123           1945          52.71         
150       60        100.00  0.197   122           1919          52.73         
150       60        200.00  0.208   140           1930          52.52         
150       60        300.00  0.175   102           1970          53.91         
200       18        10.00   0.051   25            1891          57.72         
200       18        30.00   0.159   90            1863          57.74         
200       18        50.00   0.252   162           1859          57.80         
200       18        100.00  0.331   275           1876          58.09         
200       18        200.00  0.359   378           1825          57.68         
200       18        300.00  0.345   342           1936          57.60         
200       20        10.00   0.054   26            1932          58.20         
200       20        30.00   0.153   88            1859          58.64         
200       20        50.00   0.238   172           1842          57.51         
200       20        100.00  0.350   316           1846          57.55         
200       20        200.00  0.368   412           1891          57.57         
200       20        300.00  0.362   339           1825          57.99         
200       22        10.00   0.053   28            2026          59.58         
200       22        30.00   0.154   88            1927          58.71         
200       22        50.00   0.243   164           1885          58.42         
200       22        100.00  0.334   291           1910          57.82         
200       22        200.00  0.368   376           2020          57.39         
200       22        300.00  0.354   382           1847          58.16         
200       25        10.00   0.057   27            1843          58.67         
200       25        30.00   0.153   85            1900          58.05         
200       25        50.00   0.249   184           1907          58.35         
200       25        100.00  0.365   360           1869          58.00         
200       25        200.00  0.338   337           2007          58.57         
200       25        300.00  0.338   335           1936          58.46         
200       28        10.00   0.053   27            1992          59.23         
200       28        30.00   0.150   87            2084          59.51         
200       28        50.00   0.250   193           1857          58.77         
200       28        100.00  0.357   367           2044          59.58         
200       28        200.00  0.305   255           2059          59.97         
200       28        300.00  0.303   241           2011          60.37         
200       30        10.00   0.056   27            1994          60.80         
200       30        30.00   0.157   88            2094          59.37         
200       30        50.00   0.233   166           2163          59.92         
200       30        100.00  0.333   371           2037          59.18         
200       30        200.00  0.347   358           1951          58.97         
200       30        300.00  0.307   250           2102          60.52         
200       35        10.00   0.056   27            2047          60.26         
200       35        30.00   0.156   84            2166          60.83         
200       35        50.00   0.239   174           2008          60.36         
200       35        100.00  0.282   217           2021          61.79         
200       35        200.00  0.340   304           2034          60.37         
200       35        300.00  0.303   240           2155          61.03         
200       40        10.00   0.057   36            2212          62.70         
200       40        30.00   0.154   89            2122          62.28         
200       40        50.00   0.242   167           2124          62.09         
200       40        100.00  0.303   265           2173          62.68         
200       40        200.00  0.298   232           2160          62.71         
200       40        300.00  0.309   242           2178          62.42         
200       50        10.00   0.054   28            2395          64.72         
200       50        30.00   0.160   94            2278          64.57         
200       50        50.00   0.247   171           2255          64.23         
200       50        100.00  0.290   237           2256          64.99         
200       50        200.00  0.299   251           2465          64.74         
200       50        300.00  0.286   246           2547          64.94         
200       60        10.00   0.058   30            2481          67.29         
200       60        30.00   0.150   97            2442          67.14         
200       60        50.00   0.246   163           2413          66.95         
200       60        100.00  0.275   254           2744          66.80         
200       60        200.00  0.280   207           2417          67.14         
200       60        300.00  0.291   284           2472          66.88         
300       18        10.00   0.052   26            2910          87.47         
300       18        30.00   0.149   86            2922          87.06         
300       18        50.00   0.252   161           2881          86.36         
300       18        100.00  0.425   462           2875          87.10         
300       18        200.00  0.488   744           2798          86.15         
300       18        300.00  0.492   721           2784          86.16         
300       20        10.00   0.056   26            2803          87.55         
300       20        30.00   0.157   103           2782          87.00         
300       20        50.00   0.242   188           2910          86.79         
300       20        100.00  0.427   478           3165          86.84         
300       20        200.00  0.444   595           2831          87.76         
300       20        300.00  0.448   591           2826          86.61         
300       22        10.00   0.050   26            2839          87.25         
300       22        30.00   0.152   113           2909          87.17         
300       22        50.00   0.240   167           2980          87.50         
300       22        100.00  0.421   578           2928          87.14         
300       22        200.00  0.477   664           2784          86.61         
300       22        300.00  0.450   678           3081          87.65         
300       25        10.00   0.057   26            2870          87.43         
300       25        30.00   0.152   88            2882          87.78         
300       25        50.00   0.246   174           3023          87.28         
300       25        100.00  0.412   437           2854          87.38         
300       25        200.00  0.477   726           2761          87.33         
300       25        300.00  0.452   571           2833          87.97         
300       28        10.00   0.053   27            3039          88.17         
300       28        30.00   0.153   87            2770          87.94         
300       28        50.00   0.242   169           2784          87.48         
300       28        100.00  0.401   423           2977          88.79         
300       28        200.00  0.457   577           2883          87.88         
300       28        300.00  0.483   641           3207          88.15         
300       30        10.00   0.054   31            3299          88.44         
300       30        30.00   0.156   90            3135          88.84         
300       30        50.00   0.249   164           3235          88.27         
300       30        100.00  0.417   522           3198          89.42         
300       30        200.00  0.426   511           2862          89.45         
300       30        300.00  0.459   590           2905          88.75         
300       35        10.00   0.054   28            2992          90.22         
300       35        30.00   0.154   120           3413          91.06         
300       35        50.00   0.247   177           2942          90.00         
300       35        100.00  0.425   480           2953          90.27         
300       35        200.00  0.438   632           3176          89.29         
300       35        300.00  0.446   578           3030          90.15         
300       40        10.00   0.053   28            2993          91.48         
300       40        30.00   0.158   87            3077          91.00         
300       40        50.00   0.251   171           3034          91.52         
300       40        100.00  0.404   442           3374          91.25         
300       40        200.00  0.438   593           3238          91.62         
300       40        300.00  0.440   606           3075          91.26         
300       50        10.00   0.056   32            3458          94.09         
300       50        30.00   0.157   85            3543          94.33         
300       50        50.00   0.236   176           3158          94.31         
300       50        100.00  0.403   421           3454          93.36         
300       50        200.00  0.432   539           3264          93.70         
300       50        300.00  0.420   486           3148          93.88         
300       60        10.00   0.056   29            3761          96.30         
300       60        30.00   0.138   85            3310          95.81         
300       60        50.00   0.232   182           3381          96.19         
300       60        100.00  0.390   375           3527          97.32         
300       60        200.00  0.385   410           3523          96.54         
300       60        300.00  0.410   479           3402          96.19         
500       18        10.00   0.058   29            4708          146.56        
500       18        30.00   0.154   84            4699          144.69        
500       18        50.00   0.252   180           4635          145.47        
500       18        100.00  0.453   527           4643          144.74        
500       18        200.00  0.640   1547          4580          143.09        
500       18        300.00  0.654   1756          4666          145.00        
500       20        10.00   0.058   50            4861          145.33        
500       20        30.00   0.160   88            5277          145.44        
500       20        50.00   0.250   165           4603          145.24        
500       20        100.00  0.444   506           4499          144.90        
500       20        200.00  0.618   1281          4597          144.96        
500       20        300.00  0.608   1296          4780          146.65        
500       22        10.00   0.054   31            5078          145.81        
500       22        30.00   0.160   99            5210          147.15        
500       22        50.00   0.247   167           5734          144.72        
500       22        100.00  0.453   667           5001          145.56        
500       22        200.00  0.620   1452          5941          145.25        
500       22        300.00  0.594   1300          4774          145.87        
500       25        10.00   0.058   27            4717          146.13        
500       25        30.00   0.159   92            4643          145.16        
500       25        50.00   0.249   164           4840          146.16        
500       25        100.00  0.454   537           4633          144.91        
500       25        200.00  0.617   1375          4731          145.82        
500       25        300.00  0.639   1481          4731          144.57        
500       28        10.00   0.052   30            5030          147.53        
500       28        30.00   0.148   92            4580          145.79        
500       28        50.00   0.241   162           5171          146.71        
500       28        100.00  0.435   542           4756          147.13        
500       28        200.00  0.619   1312          4720          147.28        
500       28        300.00  0.626   1413          4672          148.03        
500       30        10.00   0.054   27            4681          146.76        
500       30        30.00   0.158   86            4862          149.08        
500       30        50.00   0.242   168           4712          145.63        
500       30        100.00  0.454   515           4821          146.92        
500       30        200.00  0.609   1357          4801          147.25        
500       30        300.00  0.617   1523          5041          146.29        
500       35        10.00   0.054   26            4753          148.13        
500       35        30.00   0.157   101           4780          148.03        
500       35        50.00   0.246   180           5075          148.55        
500       35        100.00  0.460   552           4843          148.03        
500       35        200.00  0.619   1465          4858          148.55        
500       35        300.00  0.620   1422          4903          148.33        
500       40        10.00   0.059   27            5184          149.82        
500       40        30.00   0.149   98            5174          149.11        
500       40        50.00   0.242   168           5327          150.43        
500       40        100.00  0.441   539           5522          150.67        
500       40        200.00  0.613   1377          5328          148.70        
500       40        300.00  0.571   1075          5036          150.41        
500       50        10.00   0.052   27            5165          152.07        
500       50        30.00   0.159   92            5631          152.13        
500       50        50.00   0.241   162           5306          151.84        
500       50        100.00  0.456   509           5461          151.67        
500       50        200.00  0.589   1428          5429          152.30        
500       50        300.00  0.604   1254          5039          151.96        
500       60        10.00   0.052   30            5185          154.40        
500       60        30.00   0.153   114           5174          154.68        
500       60        50.00   0.240   171           5152          153.61        
500       60        100.00  0.450   516           5160          153.78        
500       60        200.00  0.600   1215          5574          154.42        
500       60        300.00  0.615   1404          5188          154.48        
800       18        10.00   0.053   26            7358          231.16        
800       18        30.00   0.154   113           7445          231.08        
800       18        50.00   0.250   161           7539          232.48        
800       18        100.00  0.444   526           7749          233.33        
800       18        200.00  0.739   2329          7734          234.14        
800       18        300.00  0.772   3584          8367          231.67        
800       20        10.00   0.053   52            7576          232.64        
800       20        30.00   0.151   89            7499          232.91        
800       20        50.00   0.236   163           7454          231.52        
800       20        100.00  0.452   546           7472          234.13        
800       20        200.00  0.740   2359          7697          230.78        
800       20        300.00  0.786   3448          7648          231.52        
800       22        10.00   0.055   26            7686          231.99        
800       22        30.00   0.151   85            7632          231.06        
800       22        50.00   0.250   161           8155          233.16        
800       22        100.00  0.450   515           7371          232.98        
800       22        200.00  0.736   2286          7538          232.04        
800       22        300.00  0.799   3781          7625          231.39        
800       25        10.00   0.050   26            7543          232.60        
800       25        30.00   0.160   85            7688          233.90        
800       25        50.00   0.239   167           7631          231.25        
800       25        100.00  0.441   524           7501          232.33        
800       25        200.00  0.732   2321          7808          232.37        
800       25        300.00  0.783   3260          7793          233.12        
800       28        10.00   0.052   27            7747          234.57        
800       28        30.00   0.158   91            7665          232.52        
800       28        50.00   0.244   164           7558          233.60        
800       28        100.00  0.435   533           7801          234.54        
800       28        200.00  0.735   2390          7664          233.30        
800       28        300.00  0.761   2994          7714          233.96        
800       30        10.00   0.060   41            7767          233.19        
800       30        30.00   0.158   98            7831          234.82        
800       30        50.00   0.237   181           7795          234.68        
800       30        100.00  0.441   520           8424          234.40        
800       30        200.00  0.723   3263          7653          233.80        
800       30        300.00  0.784   3540          7868          234.56        
800       35        10.00   0.051   27            7477          234.50        
800       35        30.00   0.159   104           7924          235.86        
800       35        50.00   0.237   167           8002          235.47        
800       35        100.00  0.441   520           8067          234.30        
800       35        200.00  0.730   2271          7840          236.80        
800       35        300.00  0.768   3120          7678          234.67        
800       40        10.00   0.056   27            7875          237.05        
800       40        30.00   0.153   88            7680          236.11        
800       40        50.00   0.241   173           7833          236.41        
800       40        100.00  0.459   513           7823          234.96        
800       40        200.00  0.723   2172          7898          237.11        
800       40        300.00  0.768   3056          7842          237.18        
800       50        10.00   0.055   29            8201          239.53        
800       50        30.00   0.146   101           7927          238.72        
800       50        50.00   0.254   182           7894          238.99        
800       50        100.00  0.444   537           7949          238.54        
800       50        200.00  0.729   3350          8068          239.66        
800       50        300.00  0.776   3228          8035          240.16        
800       60        10.00   0.057   31            8254          240.72        
800       60        30.00   0.153   93            8329          241.75        
800       60        50.00   0.245   163           8182          239.90        
800       60        100.00  0.447   574           7969          241.53        
800       60        200.00  0.728   3048          8346          241.44        
800       60        300.00  0.795   3763          7971          238.82        

